Year    CO2     GHG OTher*      O3 (Trop)       O3 (Strat)      Aerosol (Total) LUC     H2O (Strat)     BC Snow Contrails Solar Volcano
1750    0.00000 0.00000         0.00000         0.00000         0.00000 0.00000 0.00000 0.00000         0.00000 0.00000   -0.00050
1751    -0.02300                0.00400         0.00040         0.00000 -0.00180        -0.00040        -0.00020          0.00010 0.00000 -0.01370 0.00000
1752    -0.02370                0.00550         0.00080         0.00000 -0.00360        -0.00080        -0.00010          0.00030 0.00000 -0.02910 0.00000
1753    -0.02440                0.00700         0.00130         0.00000 -0.00540        -0.00120        0.00000           0.00040 0.00000 -0.03310 0.00000
1754    -0.02500                0.00840         0.00170         0.00000 -0.00710        -0.00160        0.00000           0.00060 0.00000 -0.04280 0.00000
1755    -0.02570                0.00990         0.00210         0.00000 -0.00890        -0.00200        0.00010           0.00070 0.00000 -0.05360 -0.66360
1756    -0.02640                0.01120         0.00250         0.00000 -0.01070        -0.00240        0.00020           0.00090 0.00000 -0.05470 0.00000
1757    -0.02720                0.01250         0.00300         0.00000 -0.01250        -0.00280        0.00020           0.00100 0.00000 -0.04780 0.00000
1758    -0.02790                0.01380         0.00340         0.00000 -0.01430        -0.00320        0.00030           0.00120 0.00000 -0.04980 0.00000
1759    -0.02840                0.01490         0.00380         0.00000 -0.01610        -0.00360        0.00030           0.00130 0.00000 -0.10190 0.00000
1760    -0.02880                0.01580         0.00420         0.00000 -0.01780        -0.00400        0.00040           0.00140 0.00000 -0.11150 -0.06000
1761    -0.02900                0.01670         0.00470         0.00000 -0.01960        -0.00440        0.00040           0.00160 0.00000 -0.01590 -1.09300
1762    -0.02900                0.01720         0.00510         0.00000 -0.02140        -0.00480        0.00050           0.00170 0.00000 -0.00670 -0.29970
1763    -0.02850                0.01760         0.00550         0.00000 -0.02320        -0.00520        0.00050           0.00190 0.00000 -0.01810 -0.09310
1764    -0.02750                0.01790         0.00590         0.00000 -0.02500        -0.00560        0.00060           0.00200 0.00000 -0.02170 -0.02070
1765    -0.02610                0.01810         0.00640         0.00000 -0.02680        -0.00600        0.00070           0.00220 0.00000 -0.05370 -0.00290
1766    -0.02430                0.01820         0.00680         0.00000 -0.02850        -0.00640        0.00070           0.00230 0.00000 -0.04790 0.00000
1767    -0.02210                0.01830         0.00720         0.00000 -0.03030        -0.00680        0.00080           0.00250 0.00000 -0.03580 0.00000
1768    -0.01950                0.01830         0.00760         0.00000 -0.03210        -0.00720        0.00080           0.00260 0.00000 0.01630  0.00000
1769    -0.01680                0.01830         0.00810         0.00000 -0.03390        -0.00760        0.00090           0.00270 0.00000 0.04980  0.00000
1770    -0.01400                0.01840         0.00850         0.00000 -0.03570        -0.00800        0.00090           0.00290 0.00000 0.08070  0.00000
1771    -0.01110                0.01840         0.00890         0.00000 -0.03750        -0.00840        0.00100           0.00300 0.00000 0.05500  0.00000
1772    -0.00830                0.01830         0.00930         0.00000 -0.03920        -0.00880        0.00100           0.00320 0.00000 0.05220  -0.07020
1773    -0.00540                0.01820         0.00980         0.00000 -0.04100        -0.00920        0.00110           0.00330 0.00000 0.01580  -0.02000
1774    -0.00300                0.01820         0.01020         0.00000 -0.04280        -0.00960        0.00120           0.00350 0.00000 -0.00170 -0.00450
1775    -0.00090                0.01810         0.01060         0.00000 -0.04460        -0.01000        0.00120           0.00360 0.00000 -0.03820 -0.00060
1776    0.00090                 0.01790         0.01100         0.00000 -0.04640        -0.01040        0.00130           0.00380 0.00000 -0.04470 0.00000
1777    0.00230                 0.01780         0.01140         0.00000 -0.04820        -0.01080        0.00130           0.00390 0.00000 -0.03620 0.00000
1778    0.00280                 0.01780         0.01190         0.00000 -0.04990        -0.01120        0.00140           0.00400 0.00000 0.01670  -0.06710
1779    0.00280                 0.01780         0.01230         0.00000 -0.05170        -0.01160        0.00140           0.00420 0.00000 -0.03410 -0.07050
1780    0.00320                 0.01770         0.01270         0.00000 -0.05350        -0.01200        0.00150           0.00430 0.00000 -0.06900 -0.01820
1781    0.00360                 0.01770         0.01310         0.00000 -0.05530        -0.01240        0.00150           0.00450 0.00000 -0.05730 -0.00370
1782    0.00430                 0.01770         0.01360         0.00000 -0.05710        -0.01280        0.00160           0.00460 0.00000 -0.02800 -0.00050
1783    0.00630                 0.01760         0.01400         0.00000 -0.05890        -0.01320        0.00160           0.00480 0.00000 -0.06530 -7.85740
1784    0.00880                 0.01770         0.01440         0.00000 -0.06060        -0.01360        0.00170           0.00490 0.00000 -0.05860 -0.52220
1785    0.01210                 0.01770         0.01480         0.00000 -0.06240        -0.01400        0.00170           0.00510 0.00000 -0.04640 -0.12120
1786    0.01650                 0.01780         0.01530         0.00000 -0.06420        -0.01440        0.00180           0.00520 0.00000 -0.02230 -0.02700
1787    0.02140                 0.01800         0.01570         0.00000 -0.06600        -0.01480        0.00180           0.00530 0.00000 -0.00060 -0.00200
1788    0.02670                 0.01830         0.01610         0.00000 -0.06780        -0.01520        0.00190           0.00550 0.00000 0.03370  -0.13300
1789    0.03260                 0.01850         0.01650         0.00000 -0.06960        -0.01560        0.00190           0.00560 0.00000 -0.03310 -0.04130
1790    0.03830                 0.01900         0.01700         0.00000 -0.07130        -0.01600        0.00200           0.00580 0.00000 -0.05760 -0.00920
1791    0.04410                 0.01940         0.01740         0.00000 -0.07310        -0.01640        0.00200           0.00590 0.00000 -0.05600 -0.00140
1792    0.04980                 0.01990         0.01780         0.00000 -0.07490        -0.01680        0.00210           0.00610 0.00000 -0.05050 0.00000
1793    0.05520                 0.02040         0.01820         0.00000 -0.07670        -0.01720        0.00210           0.00620 0.00000 -0.06500 0.00000
1794    0.06040                 0.02120         0.01870         0.00000 -0.07850        -0.01760        0.00220           0.00640 0.00000 -0.06390 -0.15650
1795    0.06550                 0.02190         0.01910         0.00000 -0.08030        -0.01800        0.00220           0.00650 0.00000 -0.02710 0.00000
1796    0.07020                 0.02270         0.01950         0.00000 -0.08200        -0.01840        0.00230           0.00660 0.00000 -0.03320 -0.78050
1797    0.07480                 0.02340         0.01990         0.00000 -0.08380        -0.01880        0.00240           0.00680 0.00000 -0.04320 -0.07100
1798    0.07920                 0.02410         0.02040         0.00000 -0.08560        -0.01920        0.00240           0.00690 0.00000 -0.04460 -0.01580
1799    0.08350                 0.02480         0.02080         0.00000 -0.08740        -0.01960        0.00250           0.00710 0.00000 -0.04730 -0.00220
1800    0.08770                 0.02530         0.02120         0.00000 -0.08920        -0.02000        0.00250           0.00720 0.00000 -0.05500 0.00000
1801    0.09170                 0.02560         0.02160         0.00000 -0.09100        -0.02040        0.00260           0.00740 0.00000 -0.02130 -0.15380
1802    0.09560                 0.02590         0.02200         0.00000 -0.09270        -0.02080        0.00270           0.00750 0.00000 -0.00950 -0.04830
1803    0.09940                 0.02600         0.02250         0.00000 -0.09450        -0.02120        0.00270           0.00760 0.00000 -0.03300 -0.01080
1804    0.10290                 0.02610         0.02290         0.00000 -0.09630        -0.02160        0.00280           0.00780 0.00000 -0.04020 -0.23040
1805    0.10630                 0.02610         0.02330         0.00000 -0.09810        -0.02200        0.00290           0.00790 0.00000 -0.04600 -0.07000
1806    0.10930                 0.02610         0.02370         0.00000 -0.09990        -0.02240        0.00300           0.00810 0.00000 -0.03640 -0.01560
1807    0.11190                 0.02610         0.02420         0.00000 -0.10170        -0.02280        0.00300           0.00820 0.00000 -0.05720 -0.00200
1808    0.11430                 0.02610         0.02460         0.00000 -0.10350        -0.02320        0.00310           0.00840 0.00000 -0.06520 0.00000
1809    0.11610                 0.02620         0.02500         0.00000 -0.10520        -0.02360        0.00320           0.00850 0.00000 -0.06460 -6.94720
1810    0.11740                 0.02640         0.02540         0.00000 -0.10700        -0.02400        0.00330           0.00870 0.00000 -0.06960 -2.25390
1811    0.11830                 0.02660         0.02590         0.00000 -0.10880        -0.02440        0.00330           0.00880 0.00000 -0.07170 -0.83570
1812    0.11850                 0.02710         0.02630         0.00000 -0.11060        -0.02480        0.00340           0.00890 0.00000 -0.07180 -0.30750
1813    0.11800                 0.02770         0.02670         0.00000 -0.11240        -0.02520        0.00350           0.00910 0.00000 -0.06920 -0.10890
1814    0.11690                 0.02850         0.02710         0.00000 -0.11420        -0.02560        0.00360           0.00920 0.00000 -0.06410 0.00000
1815    0.11520                 0.02950         0.02760         0.00000 -0.11590        -0.02600        0.00370           0.00940 0.00000 -0.06200 -11.62870
1816    0.11270                 0.03070         0.02800         0.00000 -0.11770        -0.02640        0.00380           0.00950 0.00000 -0.05240 -4.55280
1817    0.11030                 0.03200         0.02840         0.00000 -0.11950        -0.02680        0.00380           0.00970 0.00000 -0.04820 -2.41910
1818    0.10740                 0.03350         0.02880         0.00000 -0.12130        -0.02720        0.00390           0.00980 0.00000 -0.05300 -0.91520
1819    0.10400                 0.03510         0.02930         0.00000 -0.12310        -0.02760        0.00400           0.01000 0.00000 -0.05440 -0.33670
1820    0.10130                 0.03660         0.02970         0.00000 -0.12490        -0.02800        0.00410           0.01010 0.00000 -0.05920 -0.03910
1821    0.09920                 0.03810         0.03010         0.00000 -0.12660        -0.02840        0.00420           0.01020 0.00000 -0.06490 0.00000
1822    0.09720                 0.03960         0.03050         0.00000 -0.12840        -0.02880        0.00420           0.01040 0.00000 -0.06590 0.00000
1823    0.09630                 0.04090         0.03100         0.00000 -0.13020        -0.02920        0.00430           0.01050 0.00000 -0.06800 0.00000
1824    0.09660                 0.04220         0.03140         0.00000 -0.13200        -0.02960        0.00440           0.01070 0.00000 -0.05920 0.00000
1825    0.09770                 0.04320         0.03180         0.00000 -0.13380        -0.03000        0.00450           0.01080 0.00000 -0.05180 0.00000
1826    0.09990                 0.04410         0.03220         0.00000 -0.13560        -0.03040        0.00460           0.01100 0.00000 -0.04380 0.00000
1827    0.10310                 0.04470         0.03270         0.00000 -0.13730        -0.03080        0.00460           0.01110 0.00000 -0.01790 0.00000
1828    0.10590                 0.04510         0.03310         0.00000 -0.13910        -0.03120        0.00470           0.01130 0.00000 -0.00780 0.00000
1829    0.10880                 0.04510         0.03350         0.00000 -0.14090        -0.03160        0.00480           0.01140 0.00000 -0.00600 0.00000
1830    0.11140                 0.04470         0.03390         0.00000 -0.14270        -0.03200        0.00490           0.01150 0.00000 0.00150  0.00000
1831    0.11280                 0.04390         0.03430         0.00000 -0.14450        -0.03240        0.00500           0.01170 0.00000 0.00150  -1.53780
1832    0.11360                 0.04250         0.03480         0.00000 -0.14630        -0.03280        0.00510           0.01180 0.00000 -0.01960 -1.22850
1833    0.11410                 0.04080         0.03520         0.00000 -0.14800        -0.03320        0.00510           0.01200 0.00000 -0.03450 -0.60510
1834    0.11360                 0.03890         0.03560         0.00000 -0.14980        -0.03360        0.00520           0.01210 0.00000 -0.03810 -0.22250
1835    0.11300                 0.03710         0.03600         0.00000 -0.15160        -0.03400        0.00530           0.01230 0.00000 -0.03280 -4.93490
1836    0.11240                 0.03570         0.03650         0.00000 -0.15340        -0.03440        0.00540           0.01240 0.00000 0.01730  -1.44500
1837    0.11150                 0.03520         0.03690         0.00000 -0.15520        -0.03480        0.00550           0.01260 0.00000 0.05480  -0.52260
1838    0.11190                 0.03510         0.03730         0.00000 -0.15700        -0.03520        0.00560           0.01270 0.00000 0.05130  -0.19220
1839    0.11400                 0.03580         0.03770         0.00000 -0.15870        -0.03560        0.00570           0.01280 0.00000 0.02790  -0.06940
1840    0.11700                 0.03700         0.03820         0.00000 -0.16050        -0.03600        0.00580           0.01300 0.00000 0.02730  -0.04740
1841    0.12110                 0.03830         0.03860         0.00000 -0.16230        -0.03640        0.00590           0.01310 0.00000 0.00710  -0.01250
1842    0.12720                 0.03960         0.03900         0.00000 -0.16410        -0.03680        0.00600           0.01330 0.00000 -0.00580 -0.00280
1843    0.13470                 0.04090         0.03940         0.00000 -0.16590        -0.03720        0.00610           0.01340 0.00000 -0.01340 -0.05180
1844    0.14160                 0.04190         0.03990         0.00000 -0.16770        -0.03760        0.00620           0.01360 0.00000 -0.02380 -0.01390
1845    0.14860                 0.04280         0.04030         0.00000 -0.16940        -0.03800        0.00630           0.01370 0.00000 -0.02600 -0.00320
1846    0.15500                 0.04360         0.04070         0.00000 -0.17120        -0.03840        0.00640           0.01390 0.00000 -0.02360 -0.07060
1847    0.15960                 0.04440         0.04110         0.00000 -0.17300        -0.03880        0.00650           0.01400 0.00000 -0.06230 -0.02000
1848    0.16330                 0.04510         0.04160         0.00000 -0.17480        -0.03920        0.00660           0.01410 0.00000 -0.01810 -0.00450
1849    0.16590                 0.04580         0.04200         0.00000 -0.17660        -0.03960        0.00670           0.01430 0.00000 0.04310  -0.00060
1850    0.16690                 0.04640         0.04240         0.00000 -0.17840        -0.04000        0.00680           0.01440 0.00000 0.02440  -0.10000
1851    0.16650                 0.04720         0.04330         0.00000 -0.18010        -0.04030        0.00690           0.01470 0.00000 0.01570  -0.07500
1852    0.16570                 0.04790         0.04420         0.00000 -0.18190        -0.04070        0.00700           0.01500 0.00000 0.02030  -0.02500
1853    0.16410                 0.04880         0.04510         0.00000 -0.18360        -0.04100        0.00710           0.01530 0.00000 0.01050  -0.02500
1854    0.16170                 0.04980         0.04600         0.00000 -0.18530        -0.04140        0.00720           0.01560 0.00000 -0.00980 0.00000
1855    0.15960                 0.05090         0.04690         0.00000 -0.18710        -0.04170        0.00730           0.01590 0.00000 -0.02700 -0.05000
1856    0.15780                 0.05220         0.04780         0.00000 -0.18880        -0.04200        0.00740           0.01610 0.00000 -0.03740 -0.97500
1857    0.15610                 0.05370         0.04860         0.00000 -0.19060        -0.04240        0.00760           0.01640 0.00000 -0.03720 -1.50000
1858    0.15500                 0.05520         0.04950         0.00000 -0.19230        -0.04270        0.00770           0.01670 0.00000 -0.01970 -0.72500
1859    0.15410                 0.05680         0.05040         0.00000 -0.19410        -0.04300        0.00780           0.01700 0.00000 -0.00660 -0.27500
1860    0.15360                 0.05830         0.05130         0.00000 -0.19580        -0.04340        0.00790           0.01730 0.00000 0.02930  -0.12500
1861    0.15320                 0.05970         0.05220         0.00000 -0.19760        -0.04370        0.00800           0.01760 0.00000 0.03560  -0.07500
1862    0.15300                 0.06090         0.05310         0.00000 -0.19930        -0.04400        0.00820           0.01780 0.00000 0.01290  -0.35000
1863    0.15370                 0.06220         0.05400         0.00000 -0.20110        -0.04440        0.00830           0.01810 0.00000 0.00560  -0.25000
1864    0.15550                 0.06330         0.05490         0.00000 -0.20280        -0.04470        0.00840           0.01840 0.00000 -0.01710 -0.12500
1865    0.15800                 0.06440         0.05580         0.00000 -0.20460        -0.04500        0.00850           0.01870 0.00000 -0.01830 -0.05000
1866    0.16160                 0.06550         0.05670         0.00000 -0.20630        -0.04540        0.00870           0.01900 0.00000 -0.02100 -0.02500
1867    0.16690                 0.06670         0.05760         0.00000 -0.20810        -0.04570        0.00880           0.01930 0.00000 -0.03660 0.00000
1868    0.17290                 0.06810         0.05850         0.00000 -0.20980        -0.04600        0.00890           0.01960 0.00000 -0.03860 0.00000
1869    0.18000                 0.06950         0.05940         0.00000 -0.21150        -0.04640        0.00900           0.01980 0.00000 -0.00540 -0.02500
1870    0.18820                 0.07110         0.06020         0.00000 -0.21330        -0.04670        0.00920           0.02010 0.00000 -0.02820 -0.02500
1871    0.19540                 0.07300         0.06110         0.00000 -0.21500        -0.04710        0.00930           0.02040 0.00000 0.02490  -0.02500
1872    0.20220                 0.07480         0.06200         0.00000 -0.21680        -0.04740        0.00940           0.02070 0.00000 0.01210  -0.02500
1873    0.20830                 0.07680         0.06290         0.00000 -0.21850        -0.04780        0.00960           0.02100 0.00000 0.01490  -0.07500
1874    0.21230                 0.07880         0.06380         0.00000 -0.22030        -0.04810        0.00970           0.02130 0.00000 0.00020  -0.05000
1875    0.21510                 0.08080         0.06470         0.00000 -0.22200        -0.04850        0.00980           0.02150 0.00000 -0.01530 -0.02500
1876    0.21760                 0.08270         0.06560         0.00000 -0.22380        -0.04890        0.00990           0.02180 0.00000 -0.02890 -0.15000
1877    0.21860                 0.08440         0.06650         0.00000 -0.22550        -0.04920        0.01010           0.02210 0.00000 -0.03290 -0.12500
1878    0.21930                 0.08610         0.06740         0.00000 -0.22730        -0.04960        0.01020           0.02240 0.00000 -0.04090 -0.07500
1879    0.22070                 0.08770         0.06830         0.00000 -0.22900        -0.05000        0.01040           0.02270 0.00000 -0.04400 -0.05000
1880    0.22210                 0.08910         0.06920         0.00000 -0.23080        -0.05040        0.01050           0.02300 0.00000 -0.03930 -0.02500
1881    0.22440                 0.09070         0.07010         0.00000 -0.23250        -0.05080        0.01070           0.02330 0.00000 -0.00680 -0.02500
1882    0.22800                 0.09240         0.07100         0.00000 -0.23430        -0.05120        0.01080           0.02350 0.00000 -0.01910 -0.02500
1883    0.23230                 0.09430         0.07180         0.00000 -0.23600        -0.05160        0.01090           0.02380 0.00000 -0.03060 -1.17500
1884    0.23750                 0.09620         0.07270         0.00000 -0.23770        -0.05200        0.01110           0.02410 0.00000 0.01790  -3.57500
1885    0.24350                 0.09830         0.07360         0.00000 -0.23950        -0.05250        0.01120           0.02440 0.00000 0.00240  -1.57500
1886    0.25040                 0.10040         0.07450         0.00000 -0.24120        -0.05290        0.01140           0.02470 0.00000 -0.01390 -0.90000
1887    0.25780                 0.10230         0.07540         0.00000 -0.24300        -0.05330        0.01150           0.02500 0.00000 -0.03250 -0.92500
1888    0.26580                 0.10410         0.07630         0.00000 -0.24470        -0.05380        0.01170           0.02520 0.00000 -0.03690 -0.55000
1889    0.27420                 0.10570         0.07720         0.00000 -0.24650        -0.05430        0.01180           0.02550 0.00000 -0.04130 -0.72500
1890    0.28320                 0.10710         0.07810         0.00000 -0.24820        -0.05470        0.01200           0.02580 0.00000 -0.04140 -0.97500
1891    0.29270                 0.10830         0.07900         0.00000 -0.25000        -0.05520        0.01220           0.02610 0.00000 -0.01970 -0.75000
1892    0.30160                 0.10920         0.07990         0.00000 -0.25170        -0.05570        0.01230           0.02640 0.00000 0.00440  -0.55000
1893    0.31060                 0.11000         0.08080         0.00000 -0.25350        -0.05620        0.01250           0.02670 0.00000 0.03510  -0.22500
1894    0.31890                 0.11060         0.08170         0.00000 -0.25520        -0.05670        0.01270           0.02690 0.00000 0.07190  -0.10000
1895    0.32490                 0.11120         0.08260         0.00000 -0.25700        -0.05720        0.01290           0.02720 0.00000 0.05170  -0.02500
1896    0.32980                 0.11160         0.08340         0.00000 -0.25870        -0.05780        0.01310           0.02750 0.00000 0.02250  -0.45000
1897    0.33380                 0.11250         0.08430         0.00000 -0.26050        -0.05830        0.01330           0.02780 0.00000 -0.00300 -0.42500
1898    0.33570                 0.11350         0.08520         0.00000 -0.26220        -0.05890        0.01350           0.02810 0.00000 -0.01220 -0.30000
1899    0.33710                 0.11500         0.08610         0.00000 -0.26390        -0.05940        0.01370           0.02840 0.00000 -0.01680 -0.12500
1900    0.33910                 0.11720         0.08700         0.00000 -0.26570        -0.06000        0.01400           0.02870 0.00000 -0.02760 -0.05000
1901    0.34080                 0.11970         0.08790         0.00000 -0.26780        -0.06050        0.01430           0.02920 0.00000 -0.04300 -0.02500
1902    0.34380                 0.12290         0.08880         0.00000 -0.26980        -0.06100        0.01460           0.02980 0.00000 -0.04750 -0.50000
1903    0.34890                 0.12660         0.08970         0.00000 -0.27190        -0.06150        0.01490           0.03040 0.00000 -0.03620 -1.80000
1904    0.35530                 0.13020         0.09060         0.00000 -0.27400        -0.06200        0.01530           0.03100 0.00000 0.01060  -0.80000
1905    0.36180                 0.13400         0.09150         0.00000 -0.27610        -0.06250        0.01560           0.03160 0.00000 -0.01600 -0.32500
1906    0.36860                 0.13780         0.09240         0.00000 -0.27810        -0.06300        0.01600           0.03220 0.00000 0.02770  -0.17500
1907    0.37610                 0.14120         0.09330         0.00000 -0.28020        -0.06350        0.01630           0.03280 0.00000 -0.00070 -0.22500
1908    0.38300                 0.14460         0.09420         0.00000 -0.28230        -0.06410        0.01670           0.03340 0.00000 0.01980  -0.25000
1909    0.38880                 0.14790         0.09500         -0.00050                -0.28440        -0.06460          0.01700 0.03400 0.00000  -0.00160 -0.10000
1910    0.39450                 0.15130         0.09590         -0.00050                -0.28640        -0.06510          0.01740 0.03460 0.00000  -0.00600 -0.07500
1911    0.40020                 0.15480         0.09710         -0.00050                -0.28760        -0.06570          0.01780 0.03460 0.00000  -0.03200 -0.05000
1912    0.40560                 0.15850         0.09830         -0.00050                -0.28870        -0.06630          0.01820 0.03470 0.00000  -0.04480 -0.47500
1913    0.41180                 0.16250         0.09950         -0.00050                -0.28980        -0.06690          0.01860 0.03480 0.00000  -0.04200 -0.60000
1914    0.41930                 0.16660         0.10070         -0.00050                -0.29100        -0.06750          0.01900 0.03490 0.00000  -0.03320 -0.25000
1915    0.42720                 0.17080         0.10190         -0.00100                -0.29210        -0.06810          0.01940 0.03500 0.00000  0.01330  -0.10000
1916    0.43560                 0.17540         0.10300         -0.00100                -0.29320        -0.06870          0.01980 0.03510 0.00000  0.06820  -0.07500
1917    0.44460                 0.18010         0.10420         -0.00100                -0.29440        -0.06930          0.02020 0.03510 0.00000  0.08590  -0.05000
1918    0.45280                 0.18460         0.10540         -0.00100                -0.29550        -0.06990          0.02070 0.03520 0.00000  0.12130  -0.05000
1919    0.45990                 0.18900         0.10660         -0.00150                -0.29660        -0.07060          0.02110 0.03530 0.00000  0.07270  -0.05000
1920    0.46640                 0.19290         0.10780         -0.00100                -0.29770        -0.07130          0.02150 0.03540 0.00000  0.03920  -0.22500
1921    0.47190                 0.19620         0.10900         -0.00100                -0.30160        -0.07190          0.02200 0.03550 0.00000  0.01230  -0.20000
1922    0.47640                 0.19890         0.11020         -0.00150                -0.30540        -0.07260          0.02240 0.03570 0.00000  -0.01340 -0.07500
1923    0.48130                 0.20090         0.11130         -0.00150                -0.30920        -0.07330          0.02290 0.03580 0.00000  -0.02450 -0.02500
1924    0.48630                 0.20320         0.11250         -0.00150                -0.31300        -0.07410          0.02330 0.03600 0.00000  -0.02880 -0.07500
1925    0.49130                 0.20520         0.11370         -0.00150                -0.31690        -0.07480          0.02380 0.03610 0.00000  -0.01540 -0.07500
1926    0.49680                 0.20740         0.11490         -0.00200                -0.32070        -0.07560          0.02420 0.03620 0.00000  0.02020  -0.05000
1927    0.50310                 0.21040         0.11610         -0.00200                -0.32450        -0.07640          0.02460 0.03640 0.00000  0.06340  -0.05000
1928    0.50990                 0.21370         0.11730         -0.00200                -0.32830        -0.07710          0.02500 0.03650 0.00000  0.03270  -0.12500
1929    0.51660                 0.21750         0.11850         -0.00200                -0.33210        -0.07800          0.02540 0.03670 0.00010  0.02830  -0.25000
1930    0.52320                 0.22150         0.11960         -0.00250                -0.33600        -0.07880          0.02580 0.03680 0.00020  0.04780  -0.15000
1931    0.52970                 0.22560         0.12180         -0.00250                -0.33770        -0.07960          0.02630 0.03730 0.00020  0.00850  -0.12500
1932    0.53600                 0.22980         0.12390         -0.00250                -0.33950        -0.08050          0.02670 0.03770 0.00020  -0.01600 -0.20000
1933    0.54210                 0.23370         0.12610         -0.00250                -0.34130        -0.08140          0.02700 0.03820 0.00020  -0.02850 -0.17500
1934    0.54840                 0.23730         0.12820         -0.00300                -0.34310        -0.08230          0.02740 0.03860 0.00020  -0.02710 -0.10000
1935    0.55530                 0.24070         0.13040         -0.00300                -0.34490        -0.08320          0.02780 0.03910 0.00030  -0.00780 -0.10000
1936    0.56260                 0.24390         0.13260         -0.00300                -0.34670        -0.08420          0.02820 0.03950 0.00030  0.06750  -0.07500
1937    0.56950                 0.24710         0.13470         -0.00300                -0.34850        -0.08520          0.02860 0.04000 0.00030  0.08870  -0.07500
1938    0.57690                 0.25050         0.13690         -0.00300                -0.35030        -0.08620          0.02890 0.04040 0.00040  0.08030  -0.12500
1939    0.58440                 0.25380         0.13900         -0.00350                -0.35200        -0.08720          0.02930 0.04090 0.00040  0.09440  -0.10000
1940    0.59040                 0.25740         0.14120         -0.00350                -0.35380        -0.08820          0.02960 0.04140 0.00040  0.06970  -0.07500
1941    0.59480                 0.26090         0.14330         -0.00350                -0.35780        -0.08930          0.03000 0.04180 0.00040  0.05680  -0.05000
1942    0.59820                 0.26420         0.14550         -0.00350                -0.36180        -0.09040          0.03040 0.04220 0.00040  0.03020  -0.10000
1943    0.59930                 0.26720         0.14760         -0.00400                -0.36580        -0.09150          0.03070 0.04260 0.00040  -0.00530 -0.10000
1944    0.59890                 0.27020         0.14980         -0.00400                -0.36980        -0.09260          0.03110 0.04300 0.00050  -0.01050 -0.05000
1945    0.59880                 0.27310         0.15190         -0.00400                -0.37380        -0.09380          0.03150 0.04340 0.00080  0.01910  -0.05000
1946    0.59850                 0.27620         0.15410         -0.00450                -0.37780        -0.09500          0.03190 0.04380 0.00120  0.02460  -0.05000
1947    0.59780                 0.27930         0.15620         -0.00450                -0.38180        -0.09620          0.03230 0.04430 0.00150  0.09320  -0.05000
1948    0.59840                 0.28300         0.15840         -0.00450                -0.38580        -0.09740          0.03280 0.04470 0.00160  0.14640  -0.05000
1949    0.60070                 0.28680         0.16050         -0.00500                -0.38990        -0.09870          0.03330 0.04510 0.00180  0.12320  -0.07500
1950    0.60380                 0.29070         0.16270         -0.00500                -0.39390        -0.10000          0.03380 0.04550 0.00190  0.10950  -0.07500
1951    0.60840                 0.29610         0.16770         -0.00500                -0.40900        -0.10150          0.03430 0.04610 0.00210  0.03680  -0.05000
1952    0.61510                 0.30150         0.17280         -0.00550                -0.42420        -0.10290          0.03490 0.04660 0.00230  0.04500  -0.10000
1953    0.62280                 0.30780         0.17790         -0.00550                -0.43940        -0.10450          0.03550 0.04720 0.00250  0.02470  -0.07500
1954    0.63130                 0.31530         0.18290         -0.00600                -0.45460        -0.10600          0.03610 0.04780 0.00270  0.00260  -0.10000
1955    0.64090                 0.32340         0.18800         -0.00600                -0.46970        -0.10750          0.03680 0.04830 0.00300  0.01540  -0.05000
1956    0.65100                 0.33210         0.19300         -0.00650                -0.48490        -0.10910          0.03750 0.04890 0.00330  0.06360  -0.02500
1957    0.66190                 0.34100         0.19810         -0.00650                -0.50010        -0.11070          0.03820 0.04950 0.00370  0.12870  -0.02500
1958    0.67330                 0.34940         0.20310         -0.00700                -0.51530        -0.11230          0.03900 0.05000 0.00380  0.19430  0.00000
1959    0.68530                 0.35770         0.20820         -0.00750                -0.53040        -0.11390          0.03970 0.05060 0.00400  0.15910  0.00000
1960    0.69760                 0.36600         0.21320         -0.00800                -0.54560        -0.11550          0.04050 0.05120 0.00400  0.15070  -0.12500
1961    0.70940                 0.37420         0.21830         -0.00800                -0.56290        -0.11700          0.04130 0.05090 0.00400  0.11030  -0.27500
1962    0.71940                 0.38280         0.22330         -0.00850                -0.58020        -0.11860          0.04220 0.05060 0.00420  0.05060  -0.32500
1963    0.72700                 0.39180         0.22840         -0.00900                -0.59750        -0.12010          0.04300 0.05040 0.00450  0.03810  -1.15000
1964    0.73530                 0.40160         0.23340         -0.00950                -0.61480        -0.12160          0.04390 0.05010 0.00480  0.01940  -1.80000
1965    0.74800                 0.41220         0.23850         -0.01050                -0.63210        -0.12310          0.04480 0.04990 0.00530  0.00790  -1.07500
1966    0.76240                 0.42380         0.24350         -0.01100                -0.64950        -0.12460          0.04570 0.04960 0.00580  0.01160  -0.57500
1967    0.77770                 0.43660         0.24860         -0.01150                -0.66680        -0.12600          0.04660 0.04930 0.00690  0.05490  -0.37500
1968    0.79400                 0.45070         0.25360         -0.01250                -0.68410        -0.12740          0.04750 0.04910 0.00780  0.08610  -0.67500
1969    0.81130                 0.46600         0.25870         -0.01350                -0.70140        -0.12870          0.04850 0.04880 0.00870  0.07720  -0.85000
1970    0.82840                 0.48270         0.26370         -0.01400                -0.71870        -0.13000          0.04950 0.04860 0.00910  0.09230  -0.42500
1971    0.84570                 0.50030         0.27040         -0.01550                -0.72190        -0.13120          0.05040 0.04880 0.00920  0.08210  -0.15000
1972    0.86520                 0.51870         0.27700         -0.01650                -0.72510        -0.13240          0.05140 0.04910 0.00940  0.07570  -0.10000
1973    0.88490                 0.53810         0.28370         -0.01750                -0.72840        -0.13350          0.05240 0.04940 0.00980  0.04380  -0.20000
1974    0.90360                 0.55780         0.29040         -0.01900                -0.73160        -0.13460          0.05340 0.04960 0.00960  0.02320  -0.32500
1975    0.92010                 0.57800         0.29700         -0.02050                -0.73480        -0.13560          0.05440 0.04990 0.00980  0.00600  -0.75000
1976    0.93760                 0.59770         0.30370         -0.02200                -0.73800        -0.13650          0.05540 0.05010 0.01020  -0.00310 -0.35000
1977    0.96040                 0.61700         0.31040         -0.02350                -0.74130        -0.13750          0.05630 0.05040 0.01050  0.03950  -0.12500
1978    0.98710                 0.63620         0.31700         -0.02550                -0.74450        -0.13830          0.05730 0.05070 0.01100  0.12910  -0.20000
1979    1.01750                 0.65560         0.32370         -0.02700                -0.74770        -0.13920          0.05830 0.05090 0.01190  0.16710  -0.22500
1980    1.04560                 0.67540         0.33030         -0.02900                -0.75100        -0.13990          0.05930 0.05120 0.01210  0.15010  -0.12500
1981    1.06570                 0.69570         0.33460         -0.03100                -0.76310        -0.14070          0.06050 0.05070 0.01180  0.14660  -0.12500
1982    1.08490                 0.71720         0.33890         -0.03300                -0.77530        -0.14140          0.06170 0.05030 0.01190  0.09380  -1.32500
1983    1.10950                 0.73740         0.34320         -0.03450                -0.78750        -0.14200          0.06270 0.04980 0.01220  0.09060  -1.87500
1984    1.13560                 0.75660         0.34750         -0.03650                -0.79960        -0.14260          0.06370 0.04940 0.01310  0.01630  -0.75000
1985    1.15790                 0.77630         0.35170         -0.03800                -0.81180        -0.14320          0.06450 0.04890 0.01380  0.01140  -0.32500
1986    1.18000                 0.79460         0.35600         -0.04000                -0.82400        -0.14380          0.06530 0.04850 0.01490  0.01240  -0.35000
1987    1.20840                 0.81300         0.36030         -0.04150                -0.83610        -0.14430          0.06600 0.04800 0.01590  0.01480  -0.25000
1988    1.23980                 0.83200         0.36460         -0.04350                -0.84830        -0.14480          0.06660 0.04760 0.01690  0.09510  -0.20000
1989    1.26640                 0.85280         0.36890         -0.04550                -0.86050        -0.14520          0.06720 0.04710 0.01750  0.15060  -0.15000
1990    1.28670                 0.87170         0.37310         -0.04750                -0.87260        -0.14560          0.06780 0.04670 0.01860  0.11750  -0.15000
1991    1.30450                 0.88780         0.37460         -0.04950                -0.87760        -0.14600          0.06840 0.04600 0.01850  0.12600  -1.35000
1992    1.31790                 0.89970         0.37610         -0.05150                -0.88260        -0.14640          0.06880 0.04530 0.02040  0.13670  -3.02500
1993    1.33180                 0.90880         0.37750         -0.05350                -0.88750        -0.14670          0.06910 0.04470 0.02220  0.06280  -1.22500
1994    1.35350                 0.91590         0.37900         -0.05500                -0.89250        -0.14700          0.06930 0.04400 0.02370  0.02650  -0.50000
1995    1.38080                 0.92270         0.38040         -0.05600                -0.89740        -0.14730          0.06960 0.04330 0.02530  0.02030  -0.25000
1996    1.40380                 0.92970         0.38190         -0.05650                -0.90240        -0.14760          0.06980 0.04270 0.02670  0.00300  -0.17500
1997    1.42820                 0.93690         0.38330         -0.05650                -0.90740        -0.14790          0.07010 0.04200 0.02810  0.01600  -0.12500
1998    1.45910                 0.94410         0.38480         -0.05650                -0.91230        -0.14810          0.07050 0.04130 0.02910  0.06240  -0.07500
1999    1.48910                 0.95150         0.38620         -0.05600                -0.91730        -0.14830          0.07090 0.04070 0.03080  0.10390  -0.05000
2000    1.51040                 0.95650         0.38770         -0.05600                -0.92220        -0.14850          0.07100 0.04000 0.03310  0.12720  -0.05000
2001    1.53240                 0.96110         0.38890         -0.05500                -0.92000        -0.14870          0.07100 0.04000 0.03320  0.11440  -0.05000
2002    1.56250                 0.96540         0.39010         -0.05450                -0.91780        -0.14890          0.07110 0.04000 0.03300  0.10820  -0.05000
2003    1.59410                 0.96940         0.39140         -0.05400                -0.91560        -0.14900          0.07120 0.04000 0.03410  0.04160  -0.07500
2004    1.62420                 0.97310         0.39260         -0.05300                -0.91330        -0.14920          0.07120 0.04000 0.03780  0.01230  -0.05000
2005    1.65430                 0.97640         0.39380         -0.05250                -0.91110        -0.14930          0.07120 0.04000 0.04000  -0.01070 -0.07500
2006    1.68390                 0.98060         0.39510         -0.05200                -0.90890        -0.14950          0.07120 0.04000 0.04170  -0.01640 -0.10000
2007    1.71060                 0.98600         0.39630         -0.05150                -0.90670        -0.14960          0.07140 0.04000 0.04430  -0.01680 -0.10000
2008    1.73610                 0.99230         0.39750         -0.05100                -0.90440        -0.14970          0.07180 0.04000 0.04590  -0.02470 -0.10000
2009    1.76210                 0.99850         0.39880         -0.05050                -0.90220        -0.14990          0.07210 0.04000 0.04420  -0.02670 -0.12500
2010    1.78880                 1.00530         0.40000         -0.05000                -0.90000        -0.15000          0.07240 0.04000 0.04780  0.00110  -0.10000
2011    1.81640                 1.01490         0.40000         -0.05000                -0.90000        -0.15000          0.07270 0.04000 0.05000  0.03010  -0.12500
